"x1";"x2";"y"
"1";-0.560475646552213;-0.710406563699301;21.839170077147
"2";-0.23017748948328;0.25688370915653;29.9071776091299
"3";1.55870831414912;-0.246691878462374;31.13086732478
"4";0.070508391424576;-0.347542599397733;33.9317281581909
"5";0.129287735160946;-0.951618567265016;25.4313684386627
"6";1.71506498688328;-0.0450277248089203;26.2333616191196
"7";0.460916205989202;-0.784904469457076;35.65859911096
"8";-1.26506123460653;-1.66794193658814;8.83191292280404
"9";-0.686852851893526;-0.380226520287762;21.5317692900915
"10";-0.445661970099958;0.918996609060766;24.8806538629255
"11";1.22408179743946;-0.575346962608392;24.8211478771646
"12";0.359813827057364;0.607964322225033;27.7702962522473
"13";0.400771450594052;-1.61788270828916;27.8527979654903
"14";0.11068271594512;-0.0555619655245394;33.9221594595878
"15";-0.555841134754075;0.519407203943462;32.1552546512671
"16";1.78691313680308;0.301153362166714;28.7791143093151
"17";0.497850478229239;0.105676194148943;30.1628743669071
"18";-1.96661715662964;-0.640706008305376;8.43291199677369
"19";0.701355901563686;-0.849704346033582;26.3894709154245
"20";-0.472791407727934;-1.02412879060491;22.5093869639643
"21";-1.06782370598685;0.117646597100126;20.6371671424377
"22";-0.217974914658295;-0.947474614184802;32.4039437207447
"23";-1.02600444830724;-0.490557443700668;16.7454208591017
"24";-0.72889122929114;-0.256092192198247;26.1032695710719
"25";-0.625039267849257;1.84386200523221;27.1667607653031
"26";-1.68669331074241;-0.651949901695459;9.78350002237407
"27";0.837787044494525;0.235386572284857;24.832545719181
"28";0.153373117836515;0.0779608495637108;28.9294832081591
"29";-1.13813693701195;-0.961856634130129;14.7828097659266
"30";1.25381492106993;-0.0713080861235987;31.4267226565641
"31";0.426464221476814;1.44455085842335;27.0902166079574
"32";-0.295071482992271;0.451504053079215;26.4164944921995
"33";0.895125661045022;0.0412329219929399;28.0544775303513
"34";0.878133487533042;-0.422496832339625;35.8340138287049
"35";0.821581081637487;-2.05324722154052;21.2840414877461
"36";0.688640254100091;1.13133721341418;29.4969139053823
"37";0.553917653537589;-1.46064007092482;34.9616774168512
"38";-0.0619117105767217;0.739947510877334;29.5451984473765
"39";-0.305962663739917;1.90910356921748;24.7477464046359
"40";-0.380471001012383;-1.4438931609718;12.7067348744443
"41";-0.694706978920513;0.701784335374711;31.3143323803552
"42";-0.207917278019599;-0.262197489402468;27.0427841999112
"43";-1.26539635156826;-1.57214415914549;8.5373608067851
"44";2.16895596533851;-1.51466765378175;28.6038091948871
"45";1.20796199830499;-1.60153617357459;29.2563048120437
"46";-1.12310858320335;-0.530906522170303;22.0741107901599
"47";-0.402884835299076;-1.4617555849959;14.6341268842016
"48";-0.466655353623219;0.687916772975828;33.9495266824958
"49";0.779965118336318;2.10010894052567;32.7798750317054
"50";-0.0833690664718293;-1.28703047603518;21.8975702242614
"51";0.253318513994755;0.787738847475178;23.9543678799815
"52";-0.028546755348703;0.76904224100091;27.893479546424
"53";-0.0428704572913161;0.332202578950118;27.7438727955186
"54";1.36860228401446;-1.00837660827701;29.9895668277552
"55";-0.225770985659268;-0.119452606630659;34.0323585104471
"56";1.51647060442954;-0.280395335170247;39.3145689535912
"57";-1.54875280423022;0.56298953322048;28.7019900476943
"58";0.584613749636069;-0.372438756103829;29.1279699466965
"59";0.123854243844614;0.976973386685621;23.0741413229936
"60";0.215941568743973;-0.374580857767014;27.6545445649528
"61";0.379639482759882;1.05271146557933;30.5245016114469
"62";-0.502323453109302;-1.04917700666607;21.4896056039944
"63";-0.33320738366942;-1.26015524475811;21.9371812864772
"64";-1.01857538310709;3.2410399349424;32.9720170998789
"65";-1.07179122647558;-0.416857588160432;11.720539217254
"66";0.303528641404258;0.298227591540715;33.3174329476634
"67";0.448209778629426;0.636569674033849;28.3133099917171
"68";0.0530042267305041;-0.483780625708744;29.3884333200318
"69";0.922267467879738;0.516862044313609;30.4701422023085
"70";2.05008468562714;0.368964527385086;31.9601629030681
"71";-0.491031166056535;-0.215380507641693;27.7147070218598
"72";-2.30916887564081;0.0652930335253153;5.6398686389851
"73";1.00573852446226;-0.034067253738464;33.0210924899845
"74";-0.709200762582393;2.12845189901618;31.702712151871
"75";-0.688008616467358;-0.741336096272828;18.1227526299725
"76";1.0255713696967;-1.09599626707466;29.8539916435131
"77";-0.284773007051009;0.0377883991710788;29.5520956525213
"78";-1.22071771225454;0.310480749443137;25.6015247078577
"79";0.18130347974915;0.436523478910183;36.4878907691249
"80";-0.138891362439045;-0.458365332711106;27.3282432611332
"81";0.00576418589988693;-1.06332613397119;26.7107832481954
"82";0.38528040112633;1.26318517608949;34.8691229000501
"83";-0.370660031792409;-0.349650387953555;31.8541752362079
"84";0.644376548518833;-0.865512862653374;33.7266924345745
"85";-0.220486561818751;-0.236279568941097;26.2663632328441
"86";0.331781963915697;-0.197175894348552;37.5876470484647
"87";1.09683901314935;1.10992028971364;30.5049153396943
"88";0.435181490833803;0.0847372921971965;37.3445731174901
"89";-0.325931585531227;0.754053785184521;24.3952894518131
"90";1.14880761845109;-0.499292017172261;30.0428982636993
"91";0.993503855962119;0.214445309581601;35.1322213967708
"92";0.54839695950807;-0.324685911490835;26.8083536658948
"93";0.238731735111441;0.0945835281735714;26.7370335777367
"94";-0.627906076039371;-0.895363357977542;14.3366471340151
"95";1.36065244853001;-1.31080153332797;25.325614587573
"96";-0.600259587147127;1.99721338474797;28.406987819487
"97";2.18733299301658;0.600708823672418;31.5809851949391
"98";1.53261062618519;-1.25127136162494;21.6922241996827
"99";-0.235700359100477;-0.611165916680421;27.9665634804185
"100";-1.02642090030678;-1.18548008459731;17.6179863687055
