"x"
0
0
0.1
0
0
0.1
0.1
0.1
0.15
0.15
0.25
0.05
0.375
0.025
0.425
0.175
0.5875
0.2625
0.8125
0.1375
0.646875
0.140625
1.025
0.375
1.35
0.55
0.8
0.5
0.793750000000001
0.68125
1.23125
0.79375
1.0703125
0.6609375
0.839062500000001
0.9671875
0.746093750000001
1.26328125
0.562500000000001
0.9875
0.943359375000001
0.742578125
0.988671875000001
1.028515625
1.0861328125
1.2021484375
0.884375000000001
1.253125
0.928613281250001
0.87021484375
1.07822265625
0.93154296875
1.0184326171875
0.9404541015625
1.0784912109375
1.0987548828125
1.04102172851563
1.04161987304688
1.01126098632813
1.12968139648438
1.01663970947266
0.987760925292969
0.964289855957032
0.974656677246094
0.983472824096681
0.991397476196289
1.01144065856934
0.950642776489258
0.994364070892335
1.00904741287231
0.961197185516358
1.01268396377563
1.00277907848358
0.993991684913635
1.01367032527924
1.01164162158966
1.0061209499836
1.00658058524132
1.01453595757485
0.991524857282639
0.999407042562963
1.0046667739749
0.996065171062947
0.992077873647213
0.99857911579311
0.995703551545739
0.99520707987249
1.006378640607
1.00088607883081
0.997088423836976
1.00005815206096
0.98812520140782
0.999569819937461
1.00053138083313
1.00187678297516
1.00191625312436
1.00105236617965
1.00036307772971
0.999736107286299
1.00380603472586
1.00059858594468
0.998767826559197
1.00002360017243
1.00212663200364
1.00045483950162
0.999607527920307
0.998972293259431
0.999775831023726
0.999492311489485
0.999922642700222
1.00037733105364
0.998998789787402
0.999771697716506
1.0001482330717
0.998809169704374
1.00046334785161
1.00004342205231
0.999821482903133
1.00032280827933
1.00004707327461
1.00011518408187
1.00001596563101
1.00038690841767
0.999689215462448
0.999925500391797
1.00003347866938
0.999997262421357
1.00022796139726
1.00003188214457
0.999923102526665
0.999842198454499
0.999940615565038
1.00004693767502
0.999997128114517
1.0001533194278
0.999886751971799
0.999982455150797
0.999996796994987
0.999997510681252
1.00007082258284
1.00000610354708
1.0000338925688
0.999941621022853
1.00003356144927
1.00002060851198
1.0000062364482
0.999996960115697
0.999969140874396
0.999999245973544
0.999985328797996
0.999961092612358
0.999975889344779
1.00000572953708
0.999998649672348
1.00002252035982
0.999987181475356
0.999992471453053
0.99999439311508
0.999998955016586
1.00000771398943
0.999999027755825
1.00000211769157
1.00001228583985
1.00000637424884
0.999997425049752
0.99999738839852
0.999990723268501
1.00000085641774
1.00000197796993
0.999999201358697
1.00000358067601
1.00000393065175
0.999998963956315
0.999999023961828
1.00000191417042
0.999996107628952
0.999999749359475
1.00000061517592
0.999996735345858
1.00000043777905
1.00000066731391
0.999999510463785
1.00000145271707
1.00000110167788
0.999999586146505
0.99999954339084
0.999998668192066
1.00000064810297
1.00000016753345
0.999999794873582
1.00000000432048
0.999998723088503
0.999999813099726
1.00000014215406
1.00000039448667
1.00000039363681
1.00000019240163
1.00000018107531
0.999999837967906
1.0000005283558
1.00000008514207
0.999999978244135
1.00000046444397
1.00000001716539
0.999999975935787
1.00000011090689
0.999999868676221
0.999999908075716
0.999999949607574
0.999999976325615
1.00000005881385
0.999999843662856
0.999999996655303
1.00000004409588
0.999999861120812
1.00000004217736
1.00000002913675
0.999999994227443
1.00000007618448
1.00000006199771
0.999999981251801
0.99999999774364
1.00000001373325
0.999999947875197
1.00000000092479
1.00000002004071
0.999999953039839
1.00000002355691
1.00000001011252
1.00000000155981
0.999999990439534
0.999999979262736
0.999999998303476
1.00000000984622
1.0000000271642
1.00000001366239
0.9999999927299
1.00000000172333
